
[/home/alexis/FAC/S4/LIF7/Projet/stellody/data/Musics/Did You Get It.mp3]
iTID=5
bAnalyzed=1
strPath=data/Musics/Did You Get It.mp3
uiLength=164937
fAverage=7.1953701972961426
fTreble=0.010457384400069714
fMedium=0.0077977706678211689
fBass=0.14144997298717499
fCoordX=0
fCoordY=-3
fCoordZ=1

[data/Musics/Did You Get It.mp3]
iTID=6
bAnalyzed=1
strPath=data/Musics/Did You Get It.mp3
uiLength=164937
fAverage=7.1953701972961426
fBass=0.14144997298717499
fMedium=0.0077977706678211689
fTreble=0.010457384400069714
fCoordX=0
fCoordY=-3
fCoordZ=1

[/home/alexis/FAC/S4/LIF7/Projet/stellody/data/Musics/Kachkin - People need People album version.mp3]
iTID=0
bAnalyzed=1
strPath=/home/alexis/FAC/S4/LIF7/Projet/stellody/data/Musics/Kachkin - People need People album version.mp3
uiLength=271464
fAverage=254.80955505371094
fBass=0.72328227758407593
fMedium=0.20788514614105225
fTreble=0.068832471966743469
fCoordX=6
fCoordY=-8
fCoordZ=-12

