
[/home/alexis/FAC/S4/LIF7/Projet/stellody/data/Musics/Push On.mp3]
iTID=1
bAnalyzed=1
strPath=/home/alexis/FAC/S4/LIF7/Projet/stellody/data/Musics/Push On.mp3
fAverage=nan
fMedian=122.26249694824219
fValues=0;0;0;0;0;0;0;0;0;0;0;0;0;0;0;0;0;0;0;0;0;0;0;0;0;0;0;0;0;0;0;0;0;0;0;0;0;0;0;0;0;0;0;0;0;0;0;0;0;0;0;0;0;0;0;0;0;0;0;0;0;0;0;0;1.4821969375237396e-323;2.2068756226038832e-312;3.5536994788952668e-265;7.4333512557602421e-311;2.003910579434219e-265;2.0537833006743629e-289;6.1538774269015001e-306;1.1946836303238237e-311;1.2583435040532759e-311;-nan;4.767851740931932e-265;4.7745880400815335e-265;4.774588040079965e-265;1.5145686798978318e-314;0;2.3766352876449193e-312;2.2981025326726945e-265;7.1518733172706007e-312;2.1267000711026793e-314;0;8.4879831638610893e-313;2.1925325095367907e-70;9.4531117745079738e+218;5.6817549271743353e-322;2.192532509536791e-70;7.5005209815591671e+247;5.0927898983166536e-313;3.7042215746456467e-265;3.7127774080559337e-265;3.7127963368909124e-265;3.7128152657258911e-265;3.7128341945608978e-265;3.7128532068662162e-265;3.7128724638971333e-265;3.7132507123957704e-265;3.7129099099007844e-265;3.7129288387357631e-265;3.7129477675707418e-265;3.7129666964057204e-265;3.7129856252406991e-265;0;3.7133263442703223e-265;7.4856830654922112e-316;3.7130045540757488e-265;3.7130802694155924e-265;3.7130991982505711e-265;3.7131181270855498e-265;3.7131370559205284e-265;3.7131559847555071e-265;3.7131749135904858e-265;3.7131938424254644e-265;3.7132127712604431e-265;3.7132695577653791e-265;3.7132884866003578e-265;3.7133074154353365e-265;3.7133831307752511e-265;0;3.713629205629981e-265;7.4858664626599475e-316;3.7134020596103009e-265;3.7134209884452085e-265;3.7134399172801871e-265;3.7134588461151658e-265;3.7134777749501445e-265;
iX=3
iY=0
iZ=0

