# Fichier de données de l'application Stellody

[/home/alexis/FAC/S4/LIF7/Projet/stellody/data/Musics/Dropping out of School.mp3]
iTID=758
bAnalyzed=1
strPath=/home/alexis/FAC/S4/LIF7/Projet/stellody/data/Musics/Dropping out of School.mp3
fAverage=-3.8304800987243652
fMedian=-3.7514891624450684
fValues=8.844816099445283e+73;8.9821142401073358e+75;7.0845569135373097e+67;7.4929872684575579e+68;5.1829260883560799e+72;8.5620447144091418e+74;1.3248387937201702e+75;5.4545545661423474e+71;2.2724785796234766e+73;8.1869695238604141e+72;1.0250394483207454e+71;3.4392409092281516e+68;3.6991483618557127e+72;1.9303912712594047e+69;4.7750254819064686e+72;6.2791076755314161e+71;2.5851999575031683e+70;1.6675384511607598e+77;5.4901306792913358e+70;9.2221578395529723e+71;3.1282508865936384e+66;1.4727134647138331e+72;7.4085819208577266e+72;7.3049344204213336e+72;1.1330409836344338e+75;1.2629770114724492e+67;1.5285557797659174e+68;1.2769614439756753e+74;1.2994562082809305e+72;2.735040915656753e+70;4.4040555375587507e+70;4.4892900364474162e+70;1.5351350484934505e+70;3.710316078184267e+70;1.9041720187564612e+68;8.2154928541724533e+69;6.8794533584491822e+70;3.797243422433614e+65;1.3747268885281001e+67;7.8127955055794977e+67;6.2351841502374677e+68;1.6444673182817211e+69;2.0222846875486583e+70;9.0691793631837464e+67;9.7267938784525467e+68;1.3539990106547595e+66;1.6355562481546364e+66;9.6767705117718735e+68;2.587083464846722e+68;1.5947339059159924e+70;1.0111976729771972e+68;2.9483497460047622e+69;6.6155776492692833e+69;1.7541686698520361e+67;4.8163204435865116e+69;2.9079478320074978e+65;3.5791326048701696e+67;1.283338304560861e+69;1.2221022895510411e+67;1.7858797507831025e+69;7.9241087525908477e+67;1.0887997048054533e+67;1.7566916137855555e+68;2.2299842893344091e+68;9.8121085397203304e-311;8.7475618052787676e-268;7.0355967719286524e-316;-nan;-nan;-nan;-nan;9.7349952097322039e-309;1.4853970540709431e-313;-nan;1.3906923802297322e-309;-nan;-nan;1.3907136014828053e-309;-nan;-nan;1.3905438424670851e-309;6.9533558081587902e-309;1.3907560417224303e-309;6.9534406899332037e-309;1.8079085842893443e-308;1.6688393462016114e-308;1.1125496614873871e-308;9.7349103334622747e-309;8.3441755107263616e-309;5.5626422079711286e-309;2.7814484248663199e-309;1.6688181260170452e-308;1.5297531319208933e-308;1.9469778226684905e-308;1.8079085844512427e-308;1.8079000964033192e-308;1.5297467659982791e-308;8.344069413850941e-309;8.344133070162931e-309;6.3659873728958169e-314;6.9534831298490378e-309;1.3909258010619661e-309;9.7349527714353538e-309;1.3908409222016951e-309;4.1721832466308653e-309;6.9535043475404114e-309;-nan;-nan;1.6975901571526109e-313;6.9535255674982964e-309;-nan;4.1723530056465805e-309;6.9534619079483682e-309;6.9533133688905922e-309;-nan;4.1720771448985224e-309;-nan;-nan;-1.797689705851653e+308;-nan;-nan;4.2438620670680782e-314;1.3906860158289514e-308;1.8078894863272202e-308;1.1125390517027033e-308;8.343984531105155e-309;1.3906075020170232e-309;5.5626634276052375e-309;

