
[/home/alexis/FAC/S4/LIF7/Projet/stellody/data/Musics/Did You Get It.mp3]
iTID=0
bAnalyzed=1
strPath=/home/alexis/FAC/S4/LIF7/Projet/stellody/data/Musics/Did You Get It.mp3
uiLength=164937
fAverage=123.23618316650391
fTreble=0.6379472017288208
fMedium=0.18887178599834442
fBass=0.17318089306354523
fCoordX=3
fCoordY=0
fCoordZ=0

