# Fichier de données de l'application Stellody

[/home/alexis/FAC/S4/LIF7/Projet/stellody/data/Musics/Push On.mp3]
iTID=10879
bAnalyzed=1
strPath=/home/alexis/FAC/S4/LIF7/Projet/stellody/data/Musics/Push On.mp3
fAverage=-53.698432922363281
fMedian=-55.101169586181641
fValues=1.3943434361637231e-42;4.486146078220743e-46;8.2826094863405616e-49;2.3554315978739174e-48;1.9485449348132599e-48;1.4577891886913983e-52;6.3258232391987104e-55;1.0630595443708946e-49;1.4691751161632992e-51;5.8809695533615965e-52;8.3281095024299969e-51;4.4966142658771374e-53;1.4795030303626171e-52;1.0469738533722422e-49;1.1038553829675983e-50;2.4028255278942951e-50;7.6234785739140575e-51;8.3826824746837089e-51;2.428745416171054e-52;2.736745536173624e-55;6.9673314344075013e-52;5.3545992376391782e-52;5.2978915357064978e-52;3.0645648088427696e-50;4.9031076842555912e-58;5.3078961515223245e-52;1.3988909059804278e-50;1.5578784746080765e-51;6.3724521064330377e-53;6.3795882000511511e-52;2.0050651826800052e-50;1.8182497948849549e-50;2.0041009692496395e-51;3.6007147169875015e-53;1.6543178305646472e-50;1.9337211745669277e-50;3.2442365081008856e-53;5.5087444466782525e-50;1.7181857331749018e-55;2.0484602940397915e-51;1.1390018545090427e-49;2.2856507160456198e-52;1.4891547770588909e-52;7.0919382883767507e-50;9.4247925994487574e-50;9.7094145143281022e-51;3.8608485391481566e-56;3.1775272892811742e-52;6.8944167260159208e-53;7.2041001210854267e-50;1.0199102925146009e-50;1.7986869046444877e-54;3.8885545592449411e-53;7.9258824674812418e-55;1.0231143191438062e-50;1.5850151013714468e-52;8.3139344604989529e-56;1.1151595649781581e-53;5.705013579035108e-51;5.9142362557335506e-51;3.0291437271820111e-51;7.4689493927686941e-53;2.3374291160139054e-56;5.7173781243696128e-52;9.8121085397203304e-311;1.3421727052062059e-268;6.8958599876891143e-316;6.9532709280033657e-309;1.3906732833685198e-308;-nan;1.5297319118982235e-308;5.5626634256625318e-309;1.390756043017574e-309;2.7812998851609276e-309;1.1125348073549475e-308;2.7813635424443297e-309;-nan;1.3906669177373139e-308;1.3906499412853004e-309;4.1720134876151302e-309;8.3441118495573951e-309;1.3904801845361508e-309;1.2516061674060937e-308;6.3661816429662212e-314;8.3438996515972875e-309;8.3439633101758827e-309;6.9534406892855725e-309;1.3906075033121916e-309;1.3906605517823235e-308;5.5626846465917795e-309;2.7814696461193633e-309;9.7345283722770767e-309;9.7346344727142857e-309;1.3908833621174156e-309;1.1125135875265537e-308;5.5626846472394007e-309;6.9533558101015157e-309;9.7346556926721213e-309;4.171928606812119e-309;6.953355809453929e-309;1.1125326853591565e-308;1.6189296050103046e-318;9.734592033122203e-309;5.5626846472393711e-309;6.9533558094539438e-309;2.2665261502967185e-318;1.2515849475776984e-308;4.172162024730161e-309;1.3904801838885147e-309;6.9533558088064066e-309;8.3439633101758184e-309;2.7812786648792271e-309;6.9533345894960292e-309;9.7346344720666398e-309;1.3905862833543067e-309;5.5627270874789862e-309;4.1718861656010869e-309;2.7812998835420029e-309;5.5626846488582809e-309;5.5626209860704836e-309;4.1719286068121092e-309;6.3661492648681867e-314;9.7345283709819429e-309;-nan;5.5626209883369999e-309;5.562536106238845e-309;8.4880155414650582e-314;-nan;

