# Fichier de données de l'application Stellody





[/home/alexis/FAC/S4/LIF7/Projet/stellody/data/Musics/Push On.mp3]
iTID=1
bAnalyzed=1
strPath=/home/alexis/FAC/S4/LIF7/Projet/stellody/data/Musics/Push On.mp3
fAverage=nan
fMedian=122.26249694824219
fValues=0;0;0;0;0;0;0;0;0;0;0;0;0;0;0;0;0;0;0;0;0;0;0;0;0;0;0;0;0;0;0;0;0;0;0;0;0;0;0;0;0;0;0;0;0;0;0;0;0;0;0;0;0;0;0;0;0;0;0;0;0;0;0;0;1.4821969375237396e-323;1.2866519714652243e-262;1.1418454752943424e-262;-1.1872309655217593e-43;0;-1.0155548480070593e-45;1.5170573636539123e-314;4.2439915819305446e-314;0;0;0;2.1219957993643883e-314;3.3951932655444357e-313;-2.8066381488916128e-45;7.9291571797043475e-316;1.2872043905852417e-262;1.2872140821487508e-262;1.2872237737122599e-262;1.287233465275769e-262;1.2872431568392781e-262;1.2872528484027871e-262;1.2872625399662962e-262;1.2872722315298053e-262;1.2872819230933144e-262;1.2872916146568234e-262;1.2873013062203325e-262;1.2873109977838416e-262;1.165996851558955e-262;2.7169476653061423e-312;6.3240402667679558e-322;1.2873497640378779e-262;1.287359455601387e-262;1.2873691471648961e-262;1.2873788387284051e-262;1.2873885302919142e-262;1.2873982218554233e-262;1.2874079134189324e-262;1.2874176049824415e-262;1.2874272965459505e-262;1.2874369881094596e-262;1.2874466796729687e-262;1.2874563712364778e-262;1.2874660627999868e-262;1.165996851558955e-262;5.4331022777416908e-312;6.3240402667679558e-322;1.2875048290540232e-262;1.2875145206175322e-262;1.2875242121810413e-262;1.2875339037445504e-262;1.2875435953080595e-262;1.2875532868715686e-262;1.2875629784350776e-262;1.2875726699985867e-262;1.2875823615620958e-262;1.2875920531256049e-262;1.2876017446891139e-262;1.287611436252623e-262;1.2876211278161321e-262;1.165996851558955e-262;8.1492568901772394e-312;6.3240402667679558e-322;1.2876598940701684e-262;1.2876695856336775e-262;
iX=3
iY=0
iZ=0





