# Fichier de données de l'application Stellody





[/home/alexis/FAC/S4/LIF7/Projet/stellody/data/Musics/Push On.mp3]
iTID=1
bAnalyzed=1
strPath=/home/alexis/FAC/S4/LIF7/Projet/stellody/data/Musics/Push On.mp3
fAverage=nan
fMedian=122.26249694824219
fValues=0;0;0;0;0;0;0;0;0;0;0;0;0;0;0;0;0;0;0;0;0;0;0;0;0;0;0;0;0;0;0;0;0;0;0;0;0;0;0;0;0;0;0;0;0;0;0;0;0;0;0;0;0;0;0;0;0;0;0;0;0;0;0;0;1.4821969375237396e-323;0;3.1398205020866735e-265;3.4026284981834473e-313;2.6680572311401678e-265;7.6466488940224573e-313;2.7806837160363804e-265;8.8515910423181509e-313;2.6681329464801001e-265;8.9198463701826308e-313;2.7806837160363628e-265;9.912588937800787e-313;2.6654829095824695e-265;2.0378623586059749e-312;2.7498297150212562e-265;2.7498297150211151e-265;2.6744567854611609e-265;2.6761586892841377e-265;2.6080165746860349e-265;0;8.5668878499856571e-265;7.4657508763289087e-316;2.7475606209280467e-265;8.5311123518759738e-265;2.6080905987008506e-265;2.6743036634562282e-265;1.8876402105777484e-265;3.7771525079181847e-312;2.7643670602847369e-265;2.7643670602847325e-265;2.1803557146878767e-265;2.1219957909652723e-314;2.7198481317400077e-265;2.7198464404149044e-265;9.3023866619167973e-265;2.7194679466641184e-265;2.6046076930647718e-265;5.4323092248710971e-312;-1.3272554983859802e-82;2.606273430542894e-265;2.773378877059682e-265;2.205322889621619e-265;4.9406564584124654e-324;0;2.6754204647199774e-265;7.462796363766778e-316;2.0615772751968031e-265;2.3071410929718675e-265;2.0616151328666899e-265;2.6750230423362404e-265;4.9406564584124654e-324;0;4.9406564584124654e-324;0;2.7730175378699845e-265;1.9772872146509697e-265;1.8862584056243059e-265;2.1983192206580794e-265;2.0615962040317112e-265;2.1981867187651725e-265;2.5303120157734983e-265;2.6751744729200983e-265;2.5301984427636257e-265;1.9776090048456335e-265;
iX=3
iY=0
iZ=0
























































