
[/home/alexis/Téléchargements/florida - good feeling.mp3]
strPath=/home/alexis/Téléchargements/florida - good feeling.mp3
iTID=0
bAnalyzed=1
uiLength=249155
fAverage=394.18948364257812
fBass=0.55607062578201294
fMedium=0.25894981622695923
fTreble=0.18497961759567261
fCoordX=-4.1964688301086426
fCoordY=1.5369892120361328
fCoordZ=6.6975536346435547

