# Fichier de données de l'application Stellody





[/home/alexis/FAC/S4/LIF7/Projet/stellody/data/Musics/Push On.mp3]
iTID=1
bAnalyzed=1
strPath=/home/alexis/FAC/S4/LIF7/Projet/stellody/data/Musics/Push On.mp3
fAverage=nan
fMedian=122.26249694824219
fValues=0;0;0;0;0;0;0;0;0;0;0;0;0;0;0;0;0;0;0;0;0;0;0;0;0;0;0;0;0;0;0;0;0;0;0;0;0;0;0;0;0;0;0;0;0;0;0;0;0;0;0;0;0;0;0;0;0;0;0;0;0;0;0;0;1.4821969375237396e-323;1.236376985761881e-262;1.2447504966337326e-262;-1.1400197022344304e-45;-1.142425642177365e-45;-1.1403088125269272e-45;-1.1425111706475702e-45;-1.1421369835884784e-45;1.2034529322268272e-312;3.6787505370882541e+228;5.279124042341351e-37;2.0759127559968615e+243;2.4371643693525898e+232;1.0947648365168602e+189;1.1444349280347202e+243;6.5656543496304573e-85;3.3490140990219729e-317;1.2377241130896566e-262;3.4031170168554695e-313;1.236464209833465e-262;1.3869111655354359e+219;5.3186397728537064e+222;9.6490984714222997e-315;-2.9258220728437453e-45;3.8275072356223544e-313;8.7475796409446346e-308;1.7127399113766626e-312;1.9692675556636443e-262;3.3951932655444357e-313;2.5345567631655948e-321;1.4853970536756906e-313;0;-8.0300287961461632e-44;1.5167900385667857e-314;2.9643938750474793e-323;1.2365465881232899e-262;1.6798231958602383e-322;0;0;0;0;1.2365756628138171e-262;0;0;0;0;0;1.2366047375043444e-262;0;0;0;0;0;1.2366338121948716e-262;0;0;0;0;0;1.2366628868853988e-262;0;0;0;0;
iX=3
iY=0
iZ=0



















































